-7.16541e-99 -2.12349e-98
8.80443e-98 4.30974e-97
-1.38892e-95 2.26466e-96
-1.33414e-82 -2.91861e-82
-9.66179e-81 6.18338e-81
1.16511e-80 -8.42362e-81
3.12933e-80 4.56804e-80
6.11023e-80 -2.27846e-80
-7.25999e-80 7.61315e-80
-3.03819e-80 2.52091e-79
7.27783e-68 6.581e-67
-9.36372e-66 5.15926e-66
-4.27825e-65 5.81376e-65
3.51558e-65 -6.55075e-65
2.23681e-64 2.40492e-65
5.85014e-65 -2.79698e-64
2.7639e-64 -1.35265e-64
-3.65306e-64 -1.78796e-64
4.3915e-64 3.54638e-64
-5.75471e-64 -1.64273e-64
-5.32005e-64 -1.36073e-63
-4.93058e-64 1.52701e-63
1.3706e-63 -1.0344e-63
1.46264e-63 1.1178e-63
-1.27701e-63 1.35504e-63
2.48158e-63 -7.41211e-64
-2.5739e-63 3.07596e-64
-1.88264e-63 2.32955e-63
1.25179e-63 2.74309e-63
1.75629e-63 -2.96036e-63
-3.33744e-63 -8.54858e-64
-1.86896e-63 -3.54528e-63
5.75393e-50 -4.07331e-50
3.90278e-50 1.44928e-49
-1.70307e-49 -9.65477e-50
3.29823e-49 3.93289e-50
-4.47229e-50 -3.42361e-49
-5.32042e-49 2.75853e-49
3.52056e-49 1.40902e-48
1.3606e-48 9.65877e-49
-1.05525e-48 -1.9112e-48
-1.29747e-48 1.77581e-48
2.46085e-48 2.07269e-48
2.44368e-48 -2.34789e-48
-5.91285e-49 -3.45e-48
-3.37661e-48 1.07881e-48
1.28191e-48 4.63104e-48
4.92555e-48 -9.44478e-50
4.1749e-48 -3.53015e-48
-1.30603e-48 5.60482e-48
4.74518e-48 4.24768e-48
-5.85259e-48 -3.20695e-48
-6.91757e-48 4.78133e-49
6.8209e-48 2.75666e-48
-2.11687e-49 -7.50013e-48
-7.84643e-48 -4.00555e-48
-7.47326e-49 -8.78664e-48
6.0749e-48 -6.92002e-48
-6.41617e-48 7.72848e-48
-1.09136e-47 -6.64557e-49
6.8842e-48 1.03428e-47
2.55032e-48 1.23657e-47
-4.61606e-48 1.31979e-47
-1.34038e-47 7.59914e-48
1.52267e-47 3.74908e-48
-9.71578e-48 -1.27264e-47
9.18581e-48 -1.33062e-47
1.60209e-47 -5.09207e-48
9.25534e-48 1.57168e-47
-6.56962e-48 -1.7191e-47
-1.78704e-47 -1.01819e-47
-1.54199e-47 1.48927e-47
6.14802e-48 2.14215e-47
-2.45959e-47 -3.27632e-48
1.72547e-47 -1.84623e-47
-1.49906e-47 -2.12467e-47
1.73846e-47 1.97713e-47
-9.17493e-48 2.5364e-47
-2.34089e-47 1.35541e-47
-3.39532e-48 -2.69318e-47
1.60556e-47 -2.3472e-47
2.72891e-47 8.39801e-48
1.0698e-47 2.91365e-47
2.41984e-47 2.07015e-47
-2.19174e-47 -2.36164e-47
1.08225e-47 -3.34739e-47
-2.03169e-47 3.11229e-47
-3.7243e-47 4.43043e-48
-3.61963e-47 -1.19468e-47
3.41434e-47 -1.86182e-47
3.92191e-47 -6.2592e-48
4.53701e-49 -4.02941e-47
3.39745e-34 -2.78173e-34
-4.66177e-34 6.73376e-34
-1.43467e-33 -6.19765e-34
1.29579e-33 8.82709e-34
-1.27546e-33 1.52475e-33
2.29591e-33 -7.35474e-34
-4.57165e-34 2.37827e-33
-6.85047e-34 -2.8393e-33
1.8332e-33 -2.42603e-33
-4.53874e-33 3.45293e-33
2.88535e-33 5.49046e-33
-2.77908e-33 -5.57134e-33
-5.76274e-33 -2.38618e-33
-1.34228e-33 6.26427e-33
3.12855e-33 -6.45786e-33
6.15593e-33 -3.8934e-33
8.31952e-33 3.3007e-33
-8.60134e-33 4.40703e-33
-4.24169e-33 1.03341e-32
-1.13843e-32 -3.38373e-33
1.01145e-32 -9.76529e-33
1.50526e-32 2.73833e-33
1.65123e-32 -2.19092e-33
1.60658e-33 1.7198e-32
-1.46854e-33 -1.73159e-32
-1.6982e-32 6.02598e-33
3.33985e-33 -1.79242e-32
-1.55415e-32 -1.38648e-32
-1.58464e-32 1.46254e-32
-7.21281e-33 2.18349e-32
1.76892e-32 1.47553e-32
2.15113e-32 8.24303e-33
-1.72859e-32 -1.92189e-32
-2.4251e-32 -9.04174e-33
-1.25586e-32 -2.37927e-32
1.51122e-32 2.24798e-32
2.44063e-32 -1.24487e-32
-2.73439e-32 1.85574e-32
6.54083e-33 -3.39677e-32
2.02459e-32 -2.93105e-32
2.05437e-33 3.59006e-32
3.74068e-32 3.67874e-33
-1.25658e-32 3.68048e-32
-3.8536e-32 -1.04539e-32
4.12514e-32 -5.38525e-34
3.43776e-32 -2.35143e-32
-3.75321e-32 -2.62115e-32
-4.43466e-32 1.25624e-32
-2.27602e-32 4.01545e-32
-3.0544e-32 -3.47714e-32
4.07089e-32 2.38496e-32
-3.65051e-32 3.20839e-32
-5.06374e-32 -5.55967e-33
3.44512e-32 3.76445e-32
5.18813e-32 1.66533e-32
5.1887e-32 -1.76104e-32
-5.59953e-32 -4.17729e-33
2.36091e-32 -5.18546e-32
6.19425e-33 -5.74373e-32
-3.7634e-32 -4.40317e-32
4.55954e-32 3.58549e-32
-3.92126e-32 4.35048e-32
1.92563e-32 5.69187e-32
-9.24015e-33 -5.9483e-32
-2.63467e-32 -5.48298e-32
4.74074e-32 -4.03669e-32
1.24613e-32 6.1355e-32
5.74319e-32 2.73504e-32
6.37589e-32 -2.93975e-33
4.09361e-32 -5.3952e-32
-6.56651e-32 -2.05002e-32
5.73863e-32 -4.56571e-32
-5.50995e-32 -5.26778e-32
-7.65323e-32 5.33451e-34
-9.33091e-34 7.81407e-32
-3.15518e-33 -8.24388e-32
-3.17551e-32 7.83391e-32
-7.43828e-32 4.28997e-32
8.59102e-32 -1.9047e-32
-8.48869e-32 2.3584e-32
6.13531e-32 -6.55038e-32
-3.30041e-32 -8.7894e-32
2.13887e-32 9.19264e-32
-9.61455e-33 9.44954e-32
8.78268e-32 -3.72362e-32
1.23492e-32 -9.46761e-32
7.60877e-32 6.37667e-32
-6.12815e-32 7.81882e-32
-2.74252e-32 -9.62903e-32
6.03931e-32 8.00395e-32
-7.96465e-32 -6.2246e-32
-1.00143e-31 2.57508e-32
1.05373e-31 4.96712e-33
9.87917e-32 3.94016e-32
-1.04795e-31 -2.32909e-32
6.20603e-32 -8.989e-32
3.91006e-32 -1.02647e-31
-2.57803e-32 1.07711e-31
5.34722e-32 9.80246e-32
2.50538e-32 -1.10262e-31
-5.21462e-32 1.01648e-31
-3.19263e-34 -1.17251e-31
-1.1398e-31 -3.37982e-32
9.2282e-32 7.75008e-32
-1.17021e-31 3.10198e-32
-1.21007e-31 6.61553e-33
-1.01839e-31 6.62842e-32
9.55343e-32 -7.58969e-32
1.19751e-31 3.35672e-32
1.36828e-32 1.25555e-31
-2.78273e-32 -1.25356e-31
-8.28936e-32 -9.9899e-32
6.21396e-32 1.17331e-31
-1.79948e-33 1.3476e-31
-1.02348e-31 -8.7841e-32
1.20919e-31 -6.34932e-32
-1.36754e-31 -1.52494e-32
1.241e-31 7.00697e-32
6.2424e-32 1.30715e-31
-8.70518e-32 1.17071e-31
1.42146e-31 -3.92922e-32
1.02802e-31 -1.06471e-31
-1.40046e-31 -5.33766e-32
-1.01216e-31 -1.10662e-31
1.49499e-31 -1.27198e-32
-7.37886e-32 1.31099e-31
5.32062e-32 -1.41508e-31
-1.00475e-31 1.13378e-31
2.53371e-32 1.49439e-31
-9.03316e-32 -1.23223e-31
1.49147e-31 5.69319e-32
-2.94989e-32 -1.5739e-31
-1.41953e-31 7.83069e-32
4.18222e-32 1.59606e-31
1.35142e-31 -9.56559e-32
9.59716e-32 -1.40169e-31
-1.56098e-31 6.77165e-32
3.21527e-32 -1.67403e-31
-1.54095e-32 -1.75818e-31
-2.81798e-32 1.75365e-31
-1.46816e-31 -1.00389e-31
-1.2767e-31 1.2752e-31
1.24667e-31 1.32561e-31
8.85537e-32 1.5962e-31
1.84383e-31 -3.01824e-33
-1.6571e-31 -8.0967e-32
-1.74778e-31 -6.09566e-32
1.56017e-31 1.00114e-31
-8.96649e-32 1.62795e-31
1.81388e-31 -4.48651e-32
1.54969e-31 -1.04487e-31
6.52562e-32 1.77989e-31
-1.90521e-31 -2.3171e-32
9.3296e-32 -1.72236e-31
1.91337e-31 4.47017e-32
6.74297e-32 1.895e-31
-1.99699e-31 2.55024e-32
1.28632e-31 1.55627e-31
-2.03539e-31 -1.96673e-32
-1.60836e-31 1.26826e-31
7.7782e-33 2.05096e-31
1.91941e-31 7.28626e-32
2.74704e-32 -2.0475e-31
2.07861e-31 -2.98282e-32
-4.29521e-34 2.10151e-31
1.93462e-31 -8.70204e-32
1.84397e-31 -1.05711e-31
-1.97398e-31 8.51333e-32
-1.20218e-31 -1.79245e-31
-4.93296e-32 -2.16456e-31
-9.78088e-32 -1.99604e-31
1.72782e-31 1.39845e-31
-7.9831e-32 2.10912e-31
1.6966e-31 -1.49986e-31
-2.25265e-31 -2.78242e-32
-2.20987e-31 5.39134e-32
1.35097e-31 1.83196e-31
5.72136e-32 -2.24254e-31
-1.97716e-31 -1.21665e-31
-1.50245e-31 1.79219e-31
-1.81435e-31 -1.48624e-31
9.89714e-32 -2.13116e-31
2.36814e-31 2.8255e-32
-3.6349e-32 2.38234e-31
-2.35404e-31 -5.24721e-32
1.49334e-31 -1.90367e-31
-1.35304e-18 -4.72807e-19
-3.04819e-19 4.38541e-18
-8.0429e-18 -6.82371e-18
7.01254e-18 -8.27031e-18
-9.02734e-19 1.69768e-17
-2.39435e-17 3.12846e-18
2.63783e-17 8.90773e-19
4.13422e-18 -2.61096e-17
-1.43474e-17 2.50272e-17
2.51496e-17 -1.43441e-17
-3.54721e-17 -7.7188e-18
4.02692e-18 -3.64855e-17
-2.9684e-17 -2.64757e-17
-2.63922e-17 3.00977e-17
2.74286e-17 -2.96034e-17
-3.88859e-17 1.09157e-17
1.23207e-17 4.26903e-17
4.53282e-17 1.81081e-17
-3.66113e-17 -3.7497e-17
5.22171e-17 -5.73362e-18
-8.03747e-18 -5.46819e-17
-5.25436e-17 1.86407e-17
-5.21781e-17 -3.36193e-17
1.49289e-17 6.09133e-17
4.98195e-17 -3.85195e-17
2.8042e-17 -5.73907e-17
5.96039e-17 2.40392e-17
-3.01122e-17 6.02269e-17
-7.05796e-17 1.93798e-18
5.31377e-17 -5.25103e-17
-5.59962e-18 -7.46547e-17
-2.81663e-17 6.96399e-17
-6.57599e-17 3.84257e-17
-7.69862e-17 -1.16957e-17
6.95868e-17 -3.53054e-17
3.9479e-17 6.78031e-17
-7.86931e-17 1.55183e-17
9.75696e-18 8.01846e-17
-6.78543e-18 8.04929e-17
6.08621e-17 5.4516e-17
-5.09015e-17 6.56555e-17
7.41201e-17 3.8372e-17
8.76935e-17 4.36808e-18
8.55995e-17 -2.1459e-17
-4.66943e-17 -7.68335e-17
2.55417e-17 -8.96783e-17
-3.57674e-17 -8.62138e-17
-6.74624e-17 -6.47248e-17
-8.92977e-17 -2.85815e-17
1.12528e-18 -9.52243e-17
4.28361e-17 8.95247e-17
-2.68802e-17 9.6902e-17
9.43924e-17 3.57305e-17
5.72273e-17 -8.41891e-17
-1.01939e-16 -1.55869e-18
-8.41629e-17 7.05478e-17
-4.84975e-17 9.86347e-17
1.08928e-16 -2.67111e-17
1.01468e-16 -5.03435e-17
8.35196e-17 7.77624e-17
7.77559e-17 -8.57155e-17
7.68287e-18 -1.17682e-16
-1.03431e-16 -5.68013e-17
4.69263e-17 1.08937e-16
-1.19265e-16 -2.73826e-18
-1.46497e-17 1.21553e-16
-5.51322e-17 -1.12852e-16
-1.95839e-17 -1.26303e-16
-1.22688e-16 4.32884e-17
-9.10096e-17 9.29946e-17
1.25226e-18 1.30586e-16
6.06121e-17 -1.17099e-16
-6.94463e-17 1.15173e-16
1.15467e-16 6.91486e-17
-7.90688e-17 -1.09686e-16
-1.34419e-16 -2.72062e-17
-1.38704e-16 2.3743e-17
1.33865e-16 4.50363e-17
9.22667e-17 -1.08207e-16
-6.06788e-17 1.29092e-16
1.32945e-16 -6.15496e-17
-1.21125e-16 8.25352e-17
4.08714e-17 1.40905e-16
1.45847e-16 -2.87062e-17
5.31889e-17 -1.4026e-16
9.08528e-17 1.19856e-16
-1.38321e-16 -6.22424e-17
-1.06997e-16 -1.0859e-16
-1.0563e-17 -1.5216e-16
1.48586e-16 4.70744e-17
-3.57947e-17 1.52719e-16
1.59293e-16 6.96865e-18
-4.91145e-17 -1.53952e-16
-2.74632e-17 1.60243e-16
1.62882e-16 -5.19503e-18
1.5616e-16 -5.26834e-17
-1.65335e-16 2.56603e-17
1.15505e-16 -1.21251e-16
-1.50321e-16 7.40917e-17
1.19737e-16 1.17306e-16
-7.24958e-17 -1.51501e-16
1.30139e-16 -1.09657e-16
-1.67001e-16 -3.68685e-17
-1.25264e-16 -1.16923e-16
1.05481e-16 -1.35081e-16
-1.61951e-16 6.1498e-17
1.00398e-16 1.42587e-16
-2.44315e-17 -1.74868e-16
-7.93488e-17 1.60754e-16
1.79178e-16 2.1264e-17
6.61846e-17 1.6862e-16
-1.81317e-16 1.05027e-18
-1.68933e-16 -7.01674e-17
-4.18946e-17 -1.79892e-16
-9.92803e-17 1.56808e-16
-1.65177e-16 -8.6202e-17
1.54799e-16 1.12985e-16
1.73669e-16 8.53577e-17
-1.55121e-16 1.19212e-16
2.57211e-17 -1.93974e-16
1.65559e-16 1.04348e-16
-7.44908e-17 1.81028e-16
-9.44778e-17 -1.7188e-16
-1.97088e-16 -1.31814e-18
1.65252e-17 2.00612e-16
1.08368e-16 1.705e-16
-1.95096e-16 -5.9407e-17
-1.30786e-16 1.57647e-16
-1.51495e-16 -1.37922e-16
2.0498e-16 -3.61017e-18
1.92441e-16 -7.22408e-17
2.02296e-16 -3.9728e-17
1.45129e-16 1.48611e-16
1.07372e-16 1.82449e-16
2.01702e-16 6.58723e-17
-1.24406e-17 -2.12558e-16
1.32964e-16 -1.6721e-16
-1.98292e-16 8.11412e-17
1.11604e-16 -1.85657e-16
-2.13471e-16 5.04473e-17
-3.72447e-17 2.17214e-16
-1.91199e-16 1.12333e-16
1.97615e-16 1.052e-16
-1.23602e-16 1.87196e-16
1.86794e-16 -1.2671e-16
2.00958e-16 -1.02914e-16
-1.02028e-16 -2.02737e-16
1.70647e-17 2.27757e-16
3.90486e-17 -2.27231e-16
8.52246e-17 2.15961e-16
-1.79781e-16 1.47513e-16
2.30052e-17 -2.31775e-16
-5.98688e-17 -2.27252e-16
2.36036e-16 2.49871e-17
1.26041e-16 -2.01315e-16
7.54519e-17 -2.26011e-16
-4.24915e-17 -2.37468e-16
-2.38303e-16 -4.71424e-17
2.30162e-16 8.14552e-17
-1.60081e-16 1.84604e-16
-1.94172e-16 1.48377e-16
-2.31731e-16 -8.47648e-17
-2.42375e-16 4.76415e-17
3.2677e-17 2.46082e-16
-2.09911e-16 -1.33767e-16
2.09342e-16 1.34714e-16
2.46122e-16 4.13861e-17
2.25238e-16 1.09436e-16
1.95214e-16 -1.57006e-16
-2.52695e-16 7.69951e-18
-2.12314e-16 1.3785e-16
-1.42393e-16 -2.10596e-16
-9.33388e-17 -2.37922e-16
2.38719e-16 -9.34223e-17
-2.38007e-16 -9.76418e-17
6.41379e-17 2.5289e-16
-1.48732e-16 2.17896e-16
1.56295e-16 2.12721e-16
2.63964e-16 -1.52834e-17
2.6036e-16 -4.74036e-17
1.87745e-16 -1.91143e-16
-2.53409e-16 8.72117e-17
-2.49494e-17 2.69573e-16
2.71714e-16 -4.80847e-18
-9.4162e-17 2.55161e-16
2.58762e-16 9.4177e-17
2.00402e-16 1.92217e-16
-2.087e-16 -1.85897e-16
-2.36533e-16 -1.5156e-16
-1.82406e-16 2.16138e-16
2.26911e-16 -1.7115e-16
7.96071e-17 -2.73164e-16
-1.49362e-16 2.42862e-16
1.16864e-16 2.60391e-16
-2.85585e-16 -3.60094e-17
-3.84211e-17 -2.85845e-16
2.59775e-16 -1.25473e-16
-1.67567e-16 -2.35589e-16
2.00652e-17 -2.88725e-16
9.65377e-17 2.74918e-16
1.51532e-16 -2.50915e-16
-1.93496e-16 -2.24454e-16
2.13529e-16 -2.06404e-16
1.68484e-16 2.44596e-16
-5.75987e-17 -2.94423e-16
3.82969e-17 2.97956e-16
2.93808e-16 6.76314e-17
-2.88964e-16 -8.61492e-17
2.93244e-16 -7.02752e-17
1.11496e-16 -2.80229e-16
1.00591e-18 3.04548e-16
1.92919e-16 -2.39367e-16
-2.88105e-16 1.08491e-16
-2.38241e-16 1.96608e-16
-5.55995e-17 3.04607e-16
2.37706e-16 2.00742e-16
-2.78741e-16 -1.44666e-16
-3.02302e-16 8.51497e-17
6.51134e-17 -3.07311e-16
-8.47421e-17 3.04711e-16
-2.68479e-16 -1.68575e-16
-1.1459e-16 -2.95981e-16
1.5824e-16 -2.75601e-16
3.05736e-16 9.09414e-17
-7.21149e-17 -3.14376e-16
8.46654e-17 -3.11908e-16
-1.0188e-19 -3.24789e-16
-3.17468e-16 -7.16066e-17
2.85476e-16 1.56608e-16
-3.24184e-16 -3.20994e-17
2.37747e-16 -2.26504e-16
-3.27894e-16 -2.04996e-17
-1.21267e-16 -3.06613e-16
-1.17368e-16 3.08723e-16
1.13988e-16 3.12772e-16
2.89127e-16 -1.68411e-16
2.19267e-16 2.53432e-16
-5.90621e-17 -3.30372e-16
3.32256e-16 -5.87033e-17
-3.06806e-16 -1.43197e-16
-3.28058e-16 8.94438e-17
-1.95992e-17 3.40015e-16
3.3576e-16 5.77607e-17
-2.49391e-16 -2.32575e-16
8.68412e-19 3.41053e-16
2.74522e-16 2.03593e-16
2.02461e-16 2.78326e-16
2.79361e-16 -2.03528e-16
-2.99582e-16 1.72768e-16
3.20397e-16 1.39784e-16
3.48247e-16 -3.07547e-17
3.4748e-16 -4.46149e-17
-3.22162e-16 1.38742e-16
-1.69046e-16 3.09115e-16
-2.58704e-16 2.41614e-16
-2.7985e-16 2.17385e-16
2.60582e-16 -2.40166e-16
1.83063e-16 -3.04873e-16
3.42179e-16 -9.92176e-17
1.34642e-16 -3.30718e-16
1.47632e-16 3.26684e-16
-1.23849e-16 -3.36603e-16
3.55196e-17 3.56996e-16
-3.58552e-16 4.5822e-17
-1.94192e-16 -3.074e-16
-3.29593e-16 1.54627e-16
-3.53737e-16 8.69627e-17
3.09324e-16 1.93504e-16
-3.65238e-16 7.75443e-18
2.76383e-16 2.39647e-16
-1.05914e-16 3.51649e-16
-2.3585e-16 2.81714e-16
9.11444e-17 -3.57552e-16
3.57339e-16 9.36745e-17
2.46647e-17 -3.68625e-16
1.12843e-16 3.5296e-16
-2.53586e-17 3.70939e-16
-1.85531e-16 3.24759e-16
-2.78413e-16 -2.50492e-16
3.75847e-16 2.42242e-17
-3.6408e-16 -9.69516e-17
-2.24765e-16 -3.05457e-16
-3.71586e-16 -7.7443e-17
-1.28082e-17 -3.80074e-16
2.49007e-16 -2.87518e-16
1.26775e-16 3.60926e-16
-9.96388e-17 -3.71218e-16
1.30903e-17 3.84334e-16
3.00456e-16 2.40621e-16
-3.3261e-16 -1.96304e-16
-8.9506e-17 -3.78186e-16
-1.67907e-16 -3.51063e-16
3.88893e-16 1.72786e-17
-3.24313e-16 -2.17491e-16
-2.65682e-16 -2.88275e-16
-3.8768e-16 -5.91279e-17
2.1427e-16 3.30555e-16
-3.93402e-16 3.61815e-17
-3.96125e-16 -1.49559e-18
-1.03578e-16 3.84015e-16
2.08934e-16 -3.40399e-16
2.26099e-17 -4.03382e-16
3.8805e-16 -1.15905e-16
-3.60285e-16 -1.85862e-16
-3.22956e-16 -2.45144e-16
3.15302e-16 -2.57858e-16
4.06948e-16 1.73524e-17
-3.34083e-16 2.36369e-16
-2.52493e-16 3.22685e-16
3.6742e-16 1.82794e-16
3.76062e-16 -1.65245e-16
3.5815e-16 -2.01806e-16
2.65408e-16 3.14139e-16
1.74677e-16 -3.74313e-16
2.8988e-16 2.94467e-16
-4.08327e-17 -4.11949e-16
-2.09467e-16 -3.58616e-16
-4.07261e-16 8.57225e-17
4.0229e-16 -1.13547e-16
4.06172e-16 1.03979e-16
4.19729e-16 -1.2499e-17
1.02742e-16 -4.07692e-16
-3.89956e-16 -1.59508e-16
-2.34863e-16 3.51833e-16
-1.60262e-16 3.91571e-16
3.37811e-16 2.54844e-16
-4.20603e-16 4.70736e-17
3.35099e-17 4.22368e-16
4.13969e-16 -9.49008e-17
-8.7928e-17 4.1708e-16
1.2992e-16 4.06207e-16
4.25187e-16 5.08888e-17
-1.145e-17 4.29621e-16
-3.35025e-16 2.70156e-16
3.77788e-16 2.06237e-16
-2.02149e-16 3.81813e-16
2.96424e-16 -3.14685e-16
3.50662e-16 -2.53127e-16
-2.81735e-16 -3.30567e-16
-1.91062e-16 -3.91647e-16
4.34629e-16 -4.83198e-17
-3.64207e-16 2.42266e-16
3.47306e-16 2.69074e-16
2.50977e-16 -3.62245e-16
-4.00378e-16 1.84183e-16
-4.40781e-16 2.65876e-17
-4.32537e-17 4.3949e-16
-4.38295e-16 -5.95645e-17
4.11761e-16 -1.66223e-16
-1.04719e-16 4.31944e-16
7.14137e-18 -4.46534e-16
2.27203e-16 3.86062e-16
-1.44253e-16 -4.25013e-16
2.00462e-16 4.03086e-16
-4.23052e-16 1.54503e-16
4.26981e-16 1.46738e-16
-2.91664e-16 3.49964e-16
5.08662e-17 4.52894e-16
-8.93276e-18 -4.56575e-16
-3.26485e-16 3.19331e-16
3.46287e-16 -3.00145e-16
-4.11105e-16 -2.03473e-16
3.90022e-16 -2.45762e-16
-3.42546e-16 -3.09724e-16
-3.77485e-16 -2.68864e-16
1.31805e-16 -4.46503e-16
-4.55111e-16 -9.84948e-17
2.15751e-16 -4.13158e-16
-4.42692e-16 1.46305e-16
3.00528e-16 3.56605e-16
-7.60334e-17 -4.60727e-16
2.64802e-16 -3.85852e-16
4.13749e-16 -2.19213e-16
-4.46992e-16 -1.42359e-16
-2.09205e-16 -4.21596e-16
-4.63762e-16 8.18789e-17
3.45516e-17 4.70296e-16
3.88967e-16 2.70636e-16
-2.24159e-16 4.18202e-16
1.72717e-16 4.42927e-16
2.47327e-16 -4.07497e-16
-2.49255e-16 -4.1113e-16
-4.24914e-16 2.26501e-16
3.13588e-16 -3.67543e-16
-2.5813e-16 4.10058e-16
1.31039e-16 -4.6861e-16
3.52942e-16 3.36788e-16
4.89583e-16 1.10593e-17
3.64421e-16 3.27524e-16
-7.20579e-17 -4.86465e-16
-3.02748e-16 -3.88235e-16
4.55501e-16 1.89001e-16
-1.29411e-16 -4.76417e-16
4.65824e-16 1.6534e-16
-4.40716e-16 -2.25076e-16
4.40714e-16 2.35966e-16
-7.175e-18 5.00001e-16
4.96748e-16 8.06446e-17
8.40472e-17 -4.96285e-16
3.23321e-16 3.86821e-16
-3.74354e-16 -3.37757e-16
3.4737e-16 -3.67183e-16
4.86738e-16 -1.37016e-16
-5.0641e-16 -1.1077e-17
-1.82364e-16 4.73998e-16
1.12795e-16 4.96688e-16
5.09845e-16 -6.29109e-18
5.08155e-16 -6.58046e-17
-4.92276e-16 -1.43369e-16
-7.22098e-17 5.10105e-16
5.1435e-16 -2.96727e-17
-5.04375e-18 -5.16355e-16
-3.9325e-16 3.37494e-16
2.17698e-16 -4.70538e-16
-4.64593e-16 2.34332e-16
-4.13334e-16 3.19179e-16
2.1324e-16 4.77005e-16
2.93554e-16 -4.3379e-16
-2.98855e-16 -4.314e-16
-4.45951e-16 -2.77425e-16
4.57367e-16 -2.62344e-16
-5.25286e-16 -4.58312e-17
-2.0602e-16 4.85865e-16
-4.78171e-16 -2.25496e-16
-3.27194e-16 4.16374e-16
1.14661e-16 5.18131e-16
4.28243e-16 -3.13829e-16
4.44314e-16 2.91247e-16
3.90402e-16 -3.61891e-16
5.20023e-16 1.1641e-16
-5.34082e-16 3.02937e-18
1.47224e-16 -5.14873e-16
4.78122e-16 -2.4383e-16
2.64252e-16 4.67745e-16
-5.26708e-16 1.09569e-16
3.02023e-16 4.4525e-16
5.01014e-16 -2.01428e-16
-1.41103e-16 -5.22854e-16
5.15918e-16 -1.66393e-16
-5.13449e-16 -1.78799e-16
4.83629e-16 2.50579e-16
5.13138e-16 1.88496e-16
4.3161e-16 3.37901e-16
-5.35167e-16 -1.22609e-16
-3.73721e-16 -4.04194e-16
5.27537e-16 1.60093e-16
-5.34756e-16 1.34768e-16
-3.72672e-16 4.0673e-16
-2.36142e-16 -4.98674e-16
-1.53991e-16 5.30814e-16
-5.15415e-16 2.0012e-16
-4.51929e-16 3.18562e-16
-5.12413e-16 -2.18498e-16
-5.19134e-16 -2.04085e-16
3.78289e-16 -4.10046e-16
-3.11441e-16 -4.63117e-16
-5.52745e-16 -7.87443e-17
3.63003e-16 4.25849e-16
-3.41905e-16 4.44004e-16
4.814e-16 -2.92822e-16
5.62066e-16 -5.77089e-17
-4.88849e-16 2.8467e-16
-5.65083e-16 2.82372e-17
5.64982e-16 3.13602e-17
-5.18517e-16 2.29386e-16
-4.67755e-16 -3.25533e-16
4.19969e-16 -3.87447e-16
-5.6579e-16 1.0755e-16
5.21997e-16 2.44774e-16
-3.16581e-16 4.82097e-16
5.63101e-16 -1.29462e-16
3.45166e-16 4.63444e-16
-4.47099e-16 3.6709e-16
-5.52893e-16 -1.70811e-16
-3.96744e-16 -4.25359e-16
5.66056e-16 1.5104e-16
4.95843e-16 3.13663e-16
-4.59926e-16 -3.66035e-16
-5.48883e-16 2.12427e-16
5.74153e-16 -1.526e-16
5.94648e-16 4.9955e-17
-5.35366e-16 2.66618e-16
5.99959e-16 1.112e-17
5.53935e-16 -2.32201e-16
5.01678e-16 -3.36146e-16
-5.08177e-16 -3.27015e-16
3.71001e-16 -4.77235e-16
4.58633e-16 -3.97842e-16
6.04527e-16 -6.61996e-17
-4.88048e-16 -3.67424e-16
6.03875e-16 9.63173e-17
-5.85818e-16 1.77728e-16
-5.57559e-16 -2.61081e-16
4.13216e-16 4.6437e-16
6.21873e-16 3.5911e-17
-6.1318e-16 1.13266e-16
5.11829e-16 3.6172e-16
-6.2819e-16 3.41709e-17
-5.43868e-16 3.17477e-16
4.78979e-16 -4.12231e-16
-6.30671e-16 -4.34274e-17
5.69468e-16 2.7685e-16
4.79909e-16 4.13687e-16
-5.07394e-16 3.88148e-16
-6.35696e-16 -9.18267e-17
5.59566e-16 -3.17931e-16
5.92768e-16 -2.55123e-16
-6.01465e-16 -2.40026e-16
6.22704e-16 1.82853e-16
-5.3818e-16 -3.68457e-16
6.46503e-16 1.03478e-16
-6.47689e-16 -1.52168e-16
5.72125e-16 -3.40877e-16
-6.12075e-16 -2.70947e-16
-5.49137e-16 3.88301e-16
-6.7143e-16 -4.82323e-17
5.9668e-16 3.1291e-16
-6.69743e-16 8.62561e-17
6.46279e-16 -1.9666e-16
-6.47365e-16 1.94678e-16
-6.44507e-16 -2.108e-16
6.8137e-16 -3.86296e-17
6.65971e-16 1.51369e-16
-6.83485e-16 7.99441e-18
-6.81767e-16 5.2697e-17
6.62314e-16 1.89265e-16
-6.70378e-16 1.6311e-16
-6.089e-16 3.32089e-16
6.93305e-16 5.99126e-17
6.91067e-16 -1.10418e-16
6.86748e-16 -1.38815e-16
7.0172e-16 -6.69729e-17
6.51821e-16 -2.76744e-16
-6.91447e-16 -1.54171e-16
7.09684e-16 -3.8547e-17
-6.60284e-16 2.69719e-16
6.832e-16 2.05792e-16
6.46377e-16 3.06709e-16
5.91494e-16 4.0315e-16
-6.3052e-16 -3.40075e-16
-6.52494e-16 2.9844e-16
6.16771e-16 -3.67833e-16
6.40281e-16 3.25318e-16
6.73561e-16 2.54195e-16
-6.93778e-16 -1.92946e-16
6.91342e-16 -2.12311e-16
-6.83807e-16 -2.48319e-16
-7.31912e-16 -4.09318e-17
-7.35051e-16 1.19587e-17
-7.24827e-16 1.28672e-16
-7.34938e-16 5.82119e-17
-7.3449e-16 -1.15071e-16
7.41729e-16 7.13161e-17
7.24762e-16 1.76213e-16
6.94173e-16 -2.78711e-16
-7.52815e-16 -4.36851e-17
7.56531e-16 -5.9742e-18
-7.16236e-16 2.47748e-16
7.6316e-16 6.63628e-17
6.9722e-16 3.24054e-16
7.49316e-16 -1.81681e-16
-7.50341e-16 1.85537e-16
-7.49342e-16 -2.19905e-16
7.84371e-16 -1.57667e-17
7.69433e-16 -1.59721e-16
7.77626e-16 1.48677e-16
-7.84414e-16 -1.1084e-16
7.85363e-16 -1.19828e-16
-7.96866e-16 -1.5464e-19
-7.70718e-16 -2.05221e-16
-7.94391e-16 8.48956e-17
8.02502e-16 1.96981e-17
-8.04191e-16 -5.43497e-17
-8.09786e-16 1.56947e-16
8.17428e-16 1.25887e-16
-8.2752e-16 9.35823e-17
-8.06867e-16 2.27526e-16
8.39719e-16 -6.90882e-17
-8.44986e-16 -5.50773e-18
8.55215e-16 3.61683e-17
8.14175e-16 -2.83612e-16
8.49352e-16 -1.68986e-16
8.7623e-16 1.20589e-17
8.51083e-16 2.15955e-16
8.82393e-16 -8.12762e-17
-8.8458e-16 -9.527e-17
0.0250179 0.0239616
0.0250179 -0.0239616
0.0250179 -0.0239616
0.0250179 0.0239616
0.0274325 -0.0413973
0.0274325 0.0413973
0.0274325 0.0413973
0.0274325 -0.0413973
0.0322525 -0.0629142
0.0322525 0.0629142
0.0322525 -0.0629142
0.0322525 0.0629142
0.0322525 -0.0629142
0.0322525 0.0629142
0.0322525 0.0629142
0.0322525 -0.0629142
0.0346582 0.0711568
0.0346582 0.0711568
0.0346582 -0.0711568
0.0346582 -0.0711568
0.0394602 -0.0850833
0.0394602 0.0850833
0.0394602 -0.0850833
0.0394602 0.0850833
0.0394602 -0.0850833
0.0394602 0.0850833
0.0394602 0.0850833
0.0394602 -0.0850833
0.0466406 -0.10207
0.0466406 0.10207
0.0466406 0.10207
0.0466406 -0.10207
0.0466406 -0.10207
0.0466406 -0.10207
0.0466406 0.10207
0.0466406 0.10207
0.0490306 -0.107036
0.0490306 0.107036
0.0490306 0.107036
0.0490306 0.107036
0.0490306 -0.107036
0.0490306 -0.107036
0.0490306 -0.107036
0.0490306 0.107036
0.0538009 -0.11619
0.0538009 0.11619
0.0538009 -0.11619
0.0538009 0.11619
0.0561734 0.120424
0.0561734 -0.120424
0.0561734 0.120424
0.0561734 -0.120424
0.0609325 -0.128384
0.0609325 0.128384
0.0609325 -0.128384
0.0609325 0.128384
0.0609325 -0.128384
0.0609325 0.128384
0.0609325 0.128384
0.0609325 -0.128384
0.0680265 -0.139151
0.0680265 0.139151
0.0680265 -0.139151
0.0680265 -0.139151
0.0680265 0.139151
0.0680265 0.139151
0.0680265 0.139151
0.0680265 -0.139151
0.0703983 0.142504
0.0703983 -0.142504
0.0703983 0.142504
0.0703983 -0.142504
0.0703983 -0.142504
0.0703983 -0.142504
0.0703983 0.142504
0.0703983 0.142504
0.0751316 -0.148873
0.0751316 -0.148873
0.0751316 0.148873
0.0751316 0.148873
0.0751316 0.148873
0.0751316 -0.148873
0.0751316 -0.148873
0.0751316 0.148873
0.0821643 0.157642
0.0821643 -0.157642
0.0821643 0.157642
0.0821643 -0.157642
0.0821643 0.157642
0.0821643 -0.157642
0.0821643 0.157642
0.0821643 -0.157642
0.0822066 -0.157693
0.0822066 0.157693
0.0822066 -0.157693
0.0822066 0.157693
0.0915941 0.168303
0.0915941 -0.168303
0.0915941 0.168303
0.0915941 -0.168303
0.0915941 -0.168303
0.0915941 -0.168303
0.0915941 0.168303
0.0915941 0.168303
0.0961921 0.173109
0.0961921 0.173109
0.0961921 0.173109
0.0961921 -0.173109
0.0961921 -0.173109
0.0961921 -0.173109
0.0961921 -0.173109
0.0961921 0.173109
0.0985509 0.175485
0.0985509 0.175485
0.0985509 -0.175485
0.0985509 0.175485
0.0985509 -0.175485
0.0985509 -0.175485
0.0985509 -0.175485
0.0985509 0.175485
0.103258 -0.180058
0.103258 0.180058
0.103258 -0.180058
0.103258 0.180058
0.103258 0.180058
0.103258 0.180058
0.103258 -0.180058
0.103258 -0.180058
0.110292 0.186502
0.110292 0.186502
0.110292 -0.186502
0.110292 -0.186502
0.110292 -0.186502
0.110292 -0.186502
0.110292 0.186502
0.110292 0.186502
0.112442 0.188386
0.112442 -0.188386
0.112442 0.188386
0.112442 -0.188386
0.117156 0.192382
0.117156 0.192382
0.117156 -0.192382
0.117156 -0.192382
0.117156 -0.192382
0.117156 0.192382
0.117156 0.192382
0.117156 -0.192382
0.119622 0.194404
0.119622 0.194404
0.119622 -0.194404
0.119622 -0.194404
0.130879 0.203075
0.130879 -0.203075
0.130879 -0.203075
0.130879 0.203075
0.130879 0.203075
0.130879 0.203075
0.130879 -0.203075
0.130879 -0.203075
0.13121 -0.203317
0.13121 0.203317
0.13121 0.203317
0.13121 0.203317
0.13121 -0.203317
0.13121 -0.203317
0.13121 -0.203317
0.13121 0.203317
0.133243 -0.204787
0.133243 -0.204787
0.133243 0.204787
0.133243 -0.204787
0.133243 0.204787
0.133243 0.204787
0.133243 -0.204787
0.133243 0.204787
0.13796 0.208098
0.13796 0.208098
0.13796 -0.208098
0.13796 -0.208098
0.13796 0.208098
0.13796 -0.208098
0.13796 0.208098
0.13796 -0.208098
0.145009 -0.2128
0.145009 -0.2128
0.145009 0.2128
0.145009 -0.2128
0.145009 0.2128
0.145009 -0.2128
0.145009 0.2128
0.145009 0.2128
0.151476 0.216868
0.151476 -0.216868
0.151476 0.216868
0.151476 -0.216868
0.151476 0.216868
0.151476 -0.216868
0.151476 -0.216868
0.151476 0.216868
0.154359 -0.21861
0.154359 0.21861
0.154359 0.21861
0.154359 -0.21861
0.154359 -0.21861
0.154359 0.21861
0.154359 -0.21861
0.154359 0.21861
0.16097 -0.222446
0.16097 -0.222446
0.16097 0.222446
0.16097 0.222446
0.16097 0.222446
0.16097 0.222446
0.16097 -0.222446
0.16097 -0.222446
0.165971 0.225208
0.165971 -0.225208
0.165971 0.225208
0.165971 -0.225208
0.171819 -0.228293
0.171819 -0.228293
0.171819 0.228293
0.171819 -0.228293
0.171819 0.228293
0.171819 0.228293
0.171819 0.228293
0.171819 -0.228293
0.174229 -0.22952
0.174229 -0.22952
0.174229 0.22952
0.174229 0.22952
0.174229 0.22952
0.174229 -0.22952
0.174229 -0.22952
0.174229 0.22952
0.17904 0.231895
0.17904 -0.231895
0.17904 -0.231895
0.17904 0.231895
0.17904 0.231895
0.17904 0.231895
0.17904 -0.231895
0.17904 -0.231895
0.179797 0.23226
0.179797 -0.23226
0.179797 0.23226
0.179797 0.23226
0.179797 0.23226
0.179797 -0.23226
0.179797 -0.23226
0.179797 -0.23226
0.186234 -0.235269
0.186234 0.235269
0.186234 -0.235269
0.186234 0.235269
0.186234 -0.235269
0.186234 0.235269
0.186234 0.235269
0.186234 -0.235269
0.194252 0.238793
0.194252 -0.238793
0.194252 -0.238793
0.194252 0.238793
0.195783 0.239438
0.195783 -0.239438
0.195783 -0.239438
0.195783 0.239438
0.195783 0.239438
0.195783 -0.239438
0.195783 -0.239438
0.195783 0.239438
0.199172 -0.240836
0.199172 0.240836
0.199172 0.240836
0.199172 -0.240836
0.199172 0.240836
0.199172 -0.240836
0.199172 -0.240836
0.199172 0.240836
0.207656 -0.244158
0.207656 -0.244158
0.207656 -0.244158
0.207656 0.244158
0.207656 0.244158
0.207656 0.244158
0.207656 0.244158
0.207656 -0.244158
0.213875 -0.246439
0.213875 -0.246439
0.213875 0.246439
0.213875 0.246439
0.213875 -0.246439
0.213875 0.246439
0.213875 -0.246439
0.213875 0.246439
0.218785 0.248152
0.218785 -0.248152
0.218785 0.248152
0.218785 0.248152
0.218785 0.248152
0.218785 -0.248152
0.218785 -0.248152
0.218785 -0.248152
0.221326 0.249008
0.221326 -0.249008
0.221326 -0.249008
0.221326 -0.249008
0.221326 0.249008
0.221326 0.249008
0.221326 0.249008
0.221326 -0.249008
0.221813 -0.24917
0.221813 -0.24917
0.221813 0.24917
0.221813 0.24917
0.226403 -0.250661
0.226403 0.250661
0.226403 -0.250661
0.226403 -0.250661
0.226403 -0.250661
0.226403 0.250661
0.226403 0.250661
0.226403 0.250661
0.234013 0.252994
0.234013 -0.252994
0.234013 -0.252994
0.234013 0.252994
0.234013 -0.252994
0.234013 -0.252994
0.234013 0.252994
0.234013 0.252994
0.238213 -0.254212
0.238213 -0.254212
0.238213 -0.254212
0.238213 0.254212
0.238213 0.254212
0.238213 0.254212
0.238213 -0.254212
0.238213 0.254212
0.24415 -0.25585
0.24415 0.25585
0.24415 0.25585
0.24415 -0.25585
0.24415 -0.25585
0.24415 -0.25585
0.24415 0.25585
0.24415 0.25585
0.245481 0.256204
0.245481 0.256204
0.245481 0.256204
0.245481 -0.256204
0.245481 -0.256204
0.245481 -0.256204
0.245481 0.256204
0.245481 -0.256204
0.256143 0.258877
0.256143 0.258877
0.256143 0.258877
0.256143 -0.258877
0.256143 -0.258877
0.256143 -0.258877
0.256143 0.258877
0.256143 -0.258877
0.256814 -0.259036
0.256814 -0.259036
0.256814 0.259036
0.256814 -0.259036
0.256814 -0.259036
0.256814 0.259036
0.256814 0.259036
0.256814 0.259036
0.27165 -0.26227
0.27165 0.26227
0.27165 -0.26227
0.27165 0.26227
0.27165 0.26227
0.27165 -0.26227
0.27165 0.26227
0.27165 -0.26227
0.272015 -0.262343
0.272015 -0.262343
0.272015 0.262343
0.272015 0.262343
0.272015 -0.262343
0.272015 -0.262343
0.272015 0.262343
0.272015 0.262343
0.274498 -0.262833
0.274498 -0.262833
0.274498 0.262833
0.274498 0.262833
0.274498 0.262833
0.274498 -0.262833
0.274498 -0.262833
0.274498 0.262833
0.277576 -0.263422
0.277576 0.263422
0.277576 0.263422
0.277576 0.263422
0.277576 -0.263422
0.277576 -0.263422
0.277576 -0.263422
0.277576 0.263422
0.280213 -0.26391
0.280213 0.26391
0.280213 -0.26391
0.280213 0.26391
0.280213 0.26391
0.280213 -0.26391
0.280213 -0.26391
0.280213 0.26391
0.28884 -0.265406
0.28884 -0.265406
0.28884 0.265406
0.28884 -0.265406
0.28884 0.265406
0.28884 -0.265406
0.28884 0.265406
0.28884 0.265406
0.289787 -0.265561
0.289787 0.265561
0.289787 -0.265561
0.289787 0.265561
0.299904 -0.267108
0.299904 0.267108
0.299904 0.267108
0.299904 -0.267108
0.300464 0.267188
0.300464 -0.267188
0.300464 0.267188
0.300464 0.267188
0.300464 -0.267188
0.300464 -0.267188
0.300464 -0.267188
0.300464 0.267188
0.30618 0.267973
0.30618 -0.267973
0.30618 0.267973
0.30618 -0.267973
0.30618 0.267973
0.30618 -0.267973
0.30618 0.267973
0.30618 -0.267973
0.310204 0.26849
0.310204 0.26849
0.310204 -0.26849
0.310204 0.26849
0.310204 -0.26849
0.310204 -0.26849
0.310204 0.26849
0.310204 -0.26849
0.315233 0.269099
0.315233 0.269099
0.315233 -0.269099
0.315233 -0.269099
0.315233 -0.269099
0.315233 0.269099
0.315233 0.269099
0.315233 -0.269099
0.325453 -0.270208
0.325453 0.270208
0.325453 -0.270208
0.325453 0.270208
0.325453 0.270208
0.325453 0.270208
0.325453 -0.270208
0.325453 -0.270208
0.330432 -0.270691
0.330432 0.270691
0.330432 -0.270691
0.330432 0.270691
0.330432 0.270691
0.330432 -0.270691
0.330432 0.270691
0.330432 -0.270691
0.333418 0.270963
0.333418 -0.270963
0.333418 -0.270963
0.333418 0.270963
0.333418 0.270963
0.333418 0.270963
0.333418 -0.270963
0.333418 -0.270963
0.334009 -0.271015
0.334009 0.271015
0.334009 0.271015
0.334009 0.271015
0.334009 0.271015
0.334009 -0.271015
0.334009 -0.271015
0.334009 -0.271015
0.341281 -0.27162
0.341281 -0.27162
0.341281 0.27162
0.341281 -0.27162
0.341281 0.27162
0.341281 0.27162
0.341281 0.27162
0.341281 -0.27162
0.35253 -0.27242
0.35253 0.27242
0.35253 0.27242
0.35253 -0.27242
0.35253 0.27242
0.35253 -0.27242
0.35253 -0.27242
0.35253 0.27242
0.355542 -0.272609
0.355542 -0.272609
0.355542 -0.272609
0.355542 0.272609
0.355542 -0.272609
0.355542 0.272609
0.355542 0.272609
0.355542 0.272609
0.359753 -0.272855
0.359753 0.272855
0.359753 0.272855
0.359753 -0.272855
0.359753 -0.272855
0.359753 0.272855
0.359753 0.272855
0.359753 -0.272855
0.363681 -0.273067
0.363681 -0.273067
0.363681 0.273067
0.363681 0.273067
0.363681 0.273067
0.363681 0.273067
0.363681 -0.273067
0.363681 -0.273067
0.368335 0.273298
0.368335 0.273298
0.368335 0.273298
0.368335 -0.273298
0.368335 -0.273298
0.368335 0.273298
0.368335 -0.273298
0.368335 -0.273298
0.381705 0.273847
0.381705 0.273847
0.381705 -0.273847
0.381705 -0.273847
0.381705 -0.273847
0.381705 0.273847
0.381705 0.273847
0.381705 -0.273847
0.382741 -0.273883
0.382741 0.273883
0.382741 -0.273883
0.382741 0.273883
0.389959 -0.27411
0.389959 -0.27411
0.389959 -0.27411
0.389959 0.27411
0.389959 0.27411
0.389959 0.27411
0.389959 -0.27411
0.389959 0.27411
0.395213 -0.274251
0.395213 -0.274251
0.395213 -0.274251
0.395213 0.274251
0.395213 0.274251
0.395213 0.274251
0.395213 0.274251
0.395213 -0.274251
0.400872 -0.274382
0.400872 0.274382
0.400872 -0.274382
0.400872 0.274382
0.400872 0.274382
0.400872 0.274382
0.400872 -0.274382
0.400872 -0.274382
0.413074 0.274601
0.413074 0.274601
0.413074 -0.274601
0.413074 0.274601
0.413074 0.274601
0.413074 -0.274601
0.413074 -0.274601
0.413074 -0.274601
0.418246 0.274671
0.418246 -0.274671
0.418246 0.274671
0.418246 0.274671
0.418246 -0.274671
0.418246 -0.274671
0.418246 0.274671
0.418246 -0.274671
0.5 0.0234711
0.5 -0.0234711
0.5 -0.0234711
0.5 0.0234711
0.5 -0.0246978
0.5 0.0246978
0.5 -0.0246978
0.5 0.0246978
0.5 0.0420842
0.5 -0.0420842
0.5 0.0420842
0.5 -0.0420842
0.5 -0.0420842
0.5 0.0420842
0.5 -0.0420842
0.5 0.0420842
0.420909 0.274702
0.420909 0.274702
0.420909 0.274702
0.420909 -0.274702
0.420909 0.274702
0.420909 -0.274702
0.420909 -0.274702
0.420909 -0.274702
0.5 0.0628611
0.5 -0.0628611
0.5 -0.0628611
0.5 0.0628611
0.5 0.0628611
0.5 0.0628611
0.5 -0.0628611
0.5 -0.0628611
0.5 -0.0679441
0.5 0.0679441
0.5 -0.0679441
0.5 0.0679441
0.5 -0.0679441
0.5 -0.0679441
0.5 0.0679441
0.5 0.0679441
0.5 -0.0684678
0.5 0.0684678
0.5 -0.0684678
0.5 0.0684678
0.5 0.0809996
0.5 -0.0809996
0.5 -0.0809996
0.5 0.0809996
0.5 -0.084433
0.5 0.084433
0.5 0.084433
0.5 -0.084433
0.5 -0.084433
0.5 -0.084433
0.5 0.084433
0.5 0.084433
0.426345 -0.274758
0.426345 -0.274758
0.426345 -0.274758
0.426345 0.274758
0.426345 0.274758
0.426345 -0.274758
0.426345 0.274758
0.426345 0.274758
0.428804 0.274779
0.428804 -0.274779
0.428804 -0.274779
0.428804 0.274779
0.5 0.0989223
0.5 -0.0989223
0.5 -0.0989223
0.5 -0.0989223
0.5 0.0989223
0.5 0.0989223
0.5 -0.0989223
0.5 0.0989223
0.5 -0.106415
0.5 -0.106415
0.5 0.106415
0.5 0.106415
0.5 0.106415
0.5 0.106415
0.5 -0.106415
0.5 -0.106415
0.5 0.10924
0.5 -0.10924
0.5 0.10924
0.5 -0.10924
0.5 -0.10924
0.5 0.10924
0.5 -0.10924
0.5 0.10924
0.5 -0.112703
0.5 0.112703
0.5 -0.112703
0.5 0.112703
0.5 0.120017
0.5 0.120017
0.5 -0.120017
0.5 -0.120017
0.5 -0.120017
0.5 -0.120017
0.5 0.120017
0.5 0.120017
0.434855 -0.274823
0.434855 -0.274823
0.434855 0.274823
0.434855 -0.274823
0.434855 -0.274823
0.434855 0.274823
0.434855 0.274823
0.434855 0.274823
0.5 0.128818
0.5 0.128818
0.5 -0.128818
0.5 0.128818
0.5 -0.128818
0.5 -0.128818
0.5 -0.128818
0.5 0.128818
0.5 0.137554
0.5 0.137554
0.5 -0.137554
0.5 -0.137554
0.5 -0.137554
0.5 0.137554
0.5 0.137554
0.5 -0.137554
0.5 -0.143822
0.5 0.143822
0.5 0.143822
0.5 0.143822
0.5 -0.143822
0.5 -0.143822
0.5 -0.143822
0.5 0.143822
0.5 -0.15176
0.5 0.15176
0.5 -0.15176
0.5 -0.15176
0.5 0.15176
0.5 0.15176
0.5 0.15176
0.5 -0.15176
0.5 -0.156319
0.5 -0.156319
0.5 0.156319
0.5 -0.156319
0.5 -0.156319
0.5 0.156319
0.5 0.156319
0.5 0.156319
0.5 -0.157529
0.5 0.157529
0.5 0.157529
0.5 -0.157529
0.447219 -0.274883
0.447219 0.274883
0.447219 -0.274883
0.447219 0.274883
0.447219 0.274883
0.447219 -0.274883
0.447219 -0.274883
0.447219 0.274883
0.5 -0.161627
0.5 0.161627
0.5 -0.161627
0.5 0.161627
0.5 -0.170907
0.5 0.170907
0.5 -0.170907
0.5 0.170907
0.5 -0.170907
0.5 0.170907
0.5 -0.170907
0.5 0.170907
0.5 -0.175446
0.5 -0.175446
0.5 -0.175446
0.5 -0.175446
0.5 0.175446
0.5 0.175446
0.5 0.175446
0.5 0.175446
0.5 -0.194728
0.5 0.194728
0.5 0.194728
0.5 -0.194728
0.5 -0.194728
0.5 0.194728
0.5 0.194728
0.5 -0.194728
0.5 -0.197732
0.5 -0.197732
0.5 -0.197732
0.5 0.197732
0.5 0.197732
0.5 -0.197732
0.5 0.197732
0.5 0.197732
0.5 0.200272
0.5 0.200272
0.5 0.200272
0.5 -0.200272
0.5 0.200272
0.5 -0.200272
0.5 -0.200272
0.5 -0.200272
0.5 -0.203612
0.5 -0.203612
0.5 0.203612
0.5 0.203612
0.5 -0.203846
0.5 0.203846
0.5 0.203846
0.5 -0.203846
0.5 0.203846
0.5 -0.203846
0.5 -0.203846
0.5 0.203846
0.466177 0.274921
0.466177 -0.274921
0.466177 -0.274921
0.466177 -0.274921
0.466177 0.274921
0.466177 -0.274921
0.466177 0.274921
0.466177 0.274921
0.5 -0.213401
0.5 0.213401
0.5 0.213401
0.5 0.213401
0.5 -0.213401
0.5 0.213401
0.5 -0.213401
0.5 -0.213401
0.5 -0.227434
0.5 -0.227434
0.5 0.227434
0.5 0.227434
0.5 0.227434
0.5 -0.227434
0.5 0.227434
0.5 -0.227434
0.5 -0.250965
0.5 0.250965
0.5 0.250965
0.5 -0.250965
0.5 -0.274929
0.5 -0.274929
0.5 0.274929
0.5 0.274929
0.5 -0.274929
0.5 -0.274929
0.5 0.274929
0.5 0.274929
0.5 -0.274929
0.5 0.274929
0.5 -0.274929
0.5 0.274929
0.5 0.274929
0.5 -0.274929
0.5 0.274929
0.5 -0.274929
0.5 -0.274929
0.5 0.274929
0.5 -0.274929
0.5 0.274929
0.5 -0.274929
0.5 -0.274929
0.5 0.274929
0.5 0.274929
0.5 0.274929
0.5 0.274929
0.5 -0.274929
0.5 -0.274929
0.5 0.274929
0.5 -0.274929
0.5 0.274929
0.5 -0.274929
0.5 -0.274929
0.5 0.274929
0.5 -0.274929
0.5 0.274929
0.5 0.274929
0.5 -0.274929
0.5 0.274929
0.5 -0.274929
0.5 0.274929
0.5 0.274929
0.5 -0.274929
0.5 -0.274929
0.5 0.274929
0.5 0.274929
0.5 -0.274929
0.5 -0.274929
0.5 -0.298888
0.5 0.298888
0.5 -0.298888
0.5 0.298888
0.5 0.322362
0.5 0.322362
0.5 -0.322362
0.5 -0.322362
0.5 0.322362
0.5 -0.322362
0.5 0.322362
0.5 -0.322362
0.533823 -0.274921
0.533823 0.274921
0.533823 0.274921
0.533823 0.274921
0.533823 -0.274921
0.533823 0.274921
0.533823 -0.274921
0.533823 -0.274921
0.5 0.336281
0.5 0.336281
0.5 -0.336281
0.5 -0.336281
0.5 0.336281
0.5 0.336281
0.5 -0.336281
0.5 -0.336281
0.5 0.345696
0.5 0.345696
0.5 -0.345696
0.5 -0.345696
0.5 0.345696
0.5 -0.345696
0.5 -0.345696
0.5 0.345696
0.5 0.345926
0.5 -0.345926
0.5 0.345926
0.5 -0.345926
0.5 -0.349201
0.5 -0.349201
0.5 0.349201
0.5 -0.349201
0.5 0.349201
0.5 0.349201
0.5 0.349201
0.5 -0.349201
0.5 0.351685
0.5 -0.351685
0.5 -0.351685
0.5 0.351685
0.5 0.351685
0.5 -0.351685
0.5 0.351685
0.5 -0.351685
0.5 -0.354616
0.5 -0.354616
0.5 0.354616
0.5 0.354616
0.5 -0.354616
0.5 0.354616
0.5 0.354616
0.5 -0.354616
0.552781 -0.274883
0.552781 0.274883
0.552781 0.274883
0.552781 -0.274883
0.552781 -0.274883
0.552781 0.274883
0.552781 -0.274883
0.552781 0.274883
0.5 -0.37318
0.5 -0.37318
0.5 -0.37318
0.5 0.37318
0.5 0.37318
0.5 0.37318
0.5 -0.37318
0.5 0.37318
0.5 0.377474
0.5 -0.377474
0.5 0.377474
0.5 0.377474
0.5 -0.377474
0.5 0.377474
0.5 -0.377474
0.5 -0.377474
0.565145 -0.274823
0.565145 -0.274823
0.565145 0.274823
0.565145 -0.274823
0.565145 0.274823
0.565145 0.274823
0.565145 0.274823
0.565145 -0.274823
0.5 -0.386138
0.5 0.386138
0.5 -0.386138
0.5 0.386138
0.571196 0.274779
0.571196 -0.274779
0.571196 0.274779
0.571196 -0.274779
0.5 0.389909
0.5 -0.389909
0.5 -0.389909
0.5 0.389909
0.5 -0.391016
0.5 0.391016
0.5 -0.391016
0.5 0.391016
0.5 -0.391016
0.5 0.391016
0.5 -0.391016
0.5 0.391016
0.573655 -0.274758
0.573655 0.274758
0.573655 -0.274758
0.573655 0.274758
0.573655 0.274758
0.573655 -0.274758
0.573655 0.274758
0.573655 -0.274758
0.5 0.395155
0.5 -0.395155
0.5 -0.395155
0.5 -0.395155
0.5 0.395155
0.5 0.395155
0.5 -0.395155
0.5 0.395155
0.579091 0.274702
0.579091 -0.274702
0.579091 -0.274702
0.579091 0.274702
0.579091 -0.274702
0.579091 -0.274702
0.579091 0.274702
0.579091 0.274702
0.5 0.402238
0.5 0.402238
0.5 0.402238
0.5 -0.402238
0.5 0.402238
0.5 -0.402238
0.5 -0.402238
0.5 -0.402238
0.581754 -0.274671
0.581754 0.274671
0.581754 0.274671
0.581754 -0.274671
0.581754 -0.274671
0.581754 0.274671
0.581754 -0.274671
0.581754 0.274671
0.5 -0.407708
0.5 -0.407708
0.5 0.407708
0.5 0.407708
0.5 0.407708
0.5 -0.407708
0.5 0.407708
0.5 -0.407708
0.586926 -0.274601
0.586926 -0.274601
0.586926 -0.274601
0.586926 0.274601
0.586926 0.274601
0.586926 0.274601
0.586926 0.274601
0.586926 -0.274601
0.5 -0.415127
0.5 -0.415127
0.5 0.415127
0.5 -0.415127
0.5 0.415127
0.5 0.415127
0.5 0.415127
0.5 -0.415127
0.5 -0.42233
0.5 0.42233
0.5 -0.42233
0.5 0.42233
0.5 0.42233
0.5 -0.42233
0.5 0.42233
0.5 -0.42233
0.5 -0.428088
0.5 0.428088
0.5 0.428088
0.5 -0.428088
0.599128 0.274382
0.599128 -0.274382
0.599128 -0.274382
0.599128 0.274382
0.599128 0.274382
0.599128 -0.274382
0.599128 -0.274382
0.599128 0.274382
0.5 -0.430735
0.5 0.430735
0.5 0.430735
0.5 0.430735
0.5 -0.430735
0.5 -0.430735
0.5 0.430735
0.5 -0.430735
0.5 -0.432854
0.5 0.432854
0.5 -0.432854
0.5 0.432854
0.5 -0.432854
0.5 -0.432854
0.5 0.432854
0.5 0.432854
0.604787 -0.274251
0.604787 0.274251
0.604787 -0.274251
0.604787 -0.274251
0.604787 -0.274251
0.604787 0.274251
0.604787 0.274251
0.604787 0.274251
0.5 0.438294
0.5 0.438294
0.5 0.438294
0.5 -0.438294
0.5 -0.438294
0.5 0.438294
0.5 -0.438294
0.5 -0.438294
0.610041 0.27411
0.610041 0.27411
0.610041 -0.27411
0.610041 -0.27411
0.610041 -0.27411
0.610041 0.27411
0.610041 -0.27411
0.610041 0.27411
0.5 -0.447995
0.5 0.447995
0.5 -0.447995
0.5 -0.447995
0.5 0.447995
0.5 0.447995
0.5 -0.447995
0.5 0.447995
0.5 -0.450122
0.5 0.450122
0.5 -0.450122
0.5 0.450122
0.617259 0.273883
0.617259 0.273883
0.617259 -0.273883
0.617259 -0.273883
0.618295 0.273847
0.618295 0.273847
0.618295 -0.273847
0.618295 0.273847
0.618295 -0.273847
0.618295 -0.273847
0.618295 0.273847
0.618295 -0.273847
0.5 0.457276
0.5 -0.457276
0.5 -0.457276
0.5 0.457276
0.5 -0.457553
0.5 0.457553
0.5 0.457553
0.5 -0.457553
0.5 0.457553
0.5 -0.457553
0.5 -0.457553
0.5 0.457553
0.5 -0.460148
0.5 0.460148
0.5 -0.460148
0.5 -0.460148
0.5 0.460148
0.5 0.460148
0.5 0.460148
0.5 -0.460148
0.5 -0.468866
0.5 -0.468866
0.5 0.468866
0.5 -0.468866
0.5 0.468866
0.5 0.468866
0.5 -0.468866
0.5 0.468866
0.631665 -0.273298
0.631665 -0.273298
0.631665 -0.273298
0.631665 0.273298
0.631665 0.273298
0.631665 0.273298
0.631665 0.273298
0.631665 -0.273298
0.5 0.473642
0.5 -0.473642
0.5 0.473642
0.5 -0.473642
0.5 -0.473888
0.5 0.473888
0.5 0.473888
0.5 -0.473888
0.636319 0.273067
0.636319 -0.273067
0.636319 -0.273067
0.636319 -0.273067
0.636319 -0.273067
0.636319 0.273067
0.636319 0.273067
0.636319 0.273067
0.640247 -0.272855
0.640247 0.272855
0.640247 0.272855
0.640247 0.272855
0.640247 -0.272855
0.640247 0.272855
0.640247 -0.272855
0.640247 -0.272855
0.644458 -0.272609
0.644458 0.272609
0.644458 0.272609
0.644458 0.272609
0.644458 -0.272609
0.644458 0.272609
0.644458 -0.272609
0.644458 -0.272609
0.64747 -0.27242
0.64747 -0.27242
0.64747 0.27242
0.64747 -0.27242
0.64747 0.27242
0.64747 -0.27242
0.64747 0.27242
0.64747 0.27242
0.658719 -0.27162
0.658719 -0.27162
0.658719 -0.27162
0.658719 0.27162
0.658719 -0.27162
0.658719 0.27162
0.658719 0.27162
0.658719 0.27162
0.665991 0.271015
0.665991 -0.271015
0.665991 -0.271015
0.665991 0.271015
0.665991 0.271015
0.665991 -0.271015
0.665991 0.271015
0.665991 -0.271015
0.666582 0.270963
0.666582 -0.270963
0.666582 0.270963
0.666582 -0.270963
0.666582 -0.270963
0.666582 -0.270963
0.666582 0.270963
0.666582 0.270963
0.669568 0.270691
0.669568 -0.270691
0.669568 -0.270691
0.669568 0.270691
0.669568 -0.270691
0.669568 -0.270691
0.669568 0.270691
0.669568 0.270691
0.674547 0.270208
0.674547 -0.270208
0.674547 -0.270208
0.674547 0.270208
0.674547 0.270208
0.674547 -0.270208
0.674547 0.270208
0.674547 -0.270208
0.684767 -0.269099
0.684767 0.269099
0.684767 0.269099
0.684767 -0.269099
0.684767 -0.269099
0.684767 -0.269099
0.684767 0.269099
0.684767 0.269099
0.689796 0.26849
0.689796 -0.26849
0.689796 0.26849
0.689796 0.26849
0.689796 -0.26849
0.689796 0.26849
0.689796 -0.26849
0.689796 -0.26849
0.69382 -0.267973
0.69382 0.267973
0.69382 0.267973
0.69382 0.267973
0.69382 -0.267973
0.69382 0.267973
0.69382 -0.267973
0.69382 -0.267973
0.699536 -0.267188
0.699536 0.267188
0.699536 -0.267188
0.699536 0.267188
0.699536 0.267188
0.699536 -0.267188
0.699536 -0.267188
0.699536 0.267188
0.700096 0.267108
0.700096 -0.267108
0.700096 0.267108
0.700096 -0.267108
0.710213 0.265561
0.710213 0.265561
0.710213 -0.265561
0.710213 -0.265561
0.71116 0.265406
0.71116 -0.265406
0.71116 0.265406
0.71116 0.265406
0.71116 -0.265406
0.71116 0.265406
0.71116 -0.265406
0.71116 -0.265406
0.719787 0.26391
0.719787 -0.26391
0.719787 -0.26391
0.719787 0.26391
0.719787 0.26391
0.719787 -0.26391
0.719787 0.26391
0.719787 -0.26391
0.722424 0.263422
0.722424 -0.263422
0.722424 -0.263422
0.722424 0.263422
0.722424 0.263422
0.722424 -0.263422
0.722424 0.263422
0.722424 -0.263422
0.725502 0.262833
0.725502 -0.262833
0.725502 -0.262833
0.725502 -0.262833
0.725502 -0.262833
0.725502 0.262833
0.725502 0.262833
0.725502 0.262833
0.727985 0.262343
0.727985 -0.262343
0.727985 -0.262343
0.727985 -0.262343
0.727985 0.262343
0.727985 0.262343
0.727985 0.262343
0.727985 -0.262343
0.72835 0.26227
0.72835 -0.26227
0.72835 -0.26227
0.72835 -0.26227
0.72835 -0.26227
0.72835 0.26227
0.72835 0.26227
0.72835 0.26227
0.743186 0.259036
0.743186 0.259036
0.743186 -0.259036
0.743186 0.259036
0.743186 -0.259036
0.743186 -0.259036
0.743186 -0.259036
0.743186 0.259036
0.743857 0.258877
0.743857 0.258877
0.743857 0.258877
0.743857 -0.258877
0.743857 -0.258877
0.743857 -0.258877
0.743857 0.258877
0.743857 -0.258877
0.754519 0.256204
0.754519 0.256204
0.754519 -0.256204
0.754519 -0.256204
0.754519 0.256204
0.754519 -0.256204
0.754519 0.256204
0.754519 -0.256204
0.75585 0.25585
0.75585 -0.25585
0.75585 -0.25585
0.75585 -0.25585
0.75585 -0.25585
0.75585 0.25585
0.75585 0.25585
0.75585 0.25585
0.761787 -0.254212
0.761787 -0.254212
0.761787 -0.254212
0.761787 0.254212
0.761787 0.254212
0.761787 0.254212
0.761787 0.254212
0.761787 -0.254212
0.765987 -0.252994
0.765987 0.252994
0.765987 0.252994
0.765987 -0.252994
0.765987 0.252994
0.765987 -0.252994
0.765987 -0.252994
0.765987 0.252994
0.773597 0.250661
0.773597 -0.250661
0.773597 -0.250661
0.773597 0.250661
0.773597 -0.250661
0.773597 0.250661
0.773597 0.250661
0.773597 -0.250661
0.778187 -0.24917
0.778187 0.24917
0.778187 -0.24917
0.778187 0.24917
0.778674 -0.249008
0.778674 0.249008
0.778674 0.249008
0.778674 -0.249008
0.778674 0.249008
0.778674 -0.249008
0.778674 -0.249008
0.778674 0.249008
0.781215 0.248152
0.781215 0.248152
0.781215 -0.248152
0.781215 0.248152
0.781215 -0.248152
0.781215 -0.248152
0.781215 0.248152
0.781215 -0.248152
0.786125 -0.246439
0.786125 0.246439
0.786125 -0.246439
0.786125 0.246439
0.786125 -0.246439
0.786125 0.246439
0.786125 -0.246439
0.786125 0.246439
0.792344 0.244158
0.792344 -0.244158
0.792344 -0.244158
0.792344 0.244158
0.792344 -0.244158
0.792344 0.244158
0.792344 0.244158
0.792344 -0.244158
0.800828 -0.240836
0.800828 -0.240836
0.800828 0.240836
0.800828 0.240836
0.800828 -0.240836
0.800828 -0.240836
0.800828 0.240836
0.800828 0.240836
0.804217 -0.239438
0.804217 0.239438
0.804217 -0.239438
0.804217 0.239438
0.804217 -0.239438
0.804217 0.239438
0.804217 -0.239438
0.804217 0.239438
0.805748 -0.238793
0.805748 0.238793
0.805748 -0.238793
0.805748 0.238793
0.813766 0.235269
0.813766 0.235269
0.813766 -0.235269
0.813766 0.235269
0.813766 -0.235269
0.813766 -0.235269
0.813766 0.235269
0.813766 -0.235269
0.820203 0.23226
0.820203 0.23226
0.820203 -0.23226
0.820203 -0.23226
0.820203 -0.23226
0.820203 0.23226
0.820203 -0.23226
0.820203 0.23226
0.82096 0.231895
0.82096 -0.231895
0.82096 0.231895
0.82096 -0.231895
0.82096 -0.231895
0.82096 0.231895
0.82096 -0.231895
0.82096 0.231895
0.825771 -0.22952
0.825771 0.22952
0.825771 -0.22952
0.825771 0.22952
0.825771 0.22952
0.825771 0.22952
0.825771 -0.22952
0.825771 -0.22952
0.828181 0.228293
0.828181 -0.228293
0.828181 -0.228293
0.828181 -0.228293
0.828181 0.228293
0.828181 -0.228293
0.828181 0.228293
0.828181 0.228293
0.834029 -0.225208
0.834029 0.225208
0.834029 0.225208
0.834029 -0.225208
0.83903 0.222446
0.83903 0.222446
0.83903 0.222446
0.83903 -0.222446
0.83903 -0.222446
0.83903 0.222446
0.83903 -0.222446
0.83903 -0.222446
0.845641 -0.21861
0.845641 -0.21861
0.845641 0.21861
0.845641 0.21861
0.845641 0.21861
0.845641 -0.21861
0.845641 0.21861
0.845641 -0.21861
0.848524 0.216868
0.848524 -0.216868
0.848524 -0.216868
0.848524 0.216868
0.848524 -0.216868
0.848524 -0.216868
0.848524 0.216868
0.848524 0.216868
0.854991 0.2128
0.854991 0.2128
0.854991 0.2128
0.854991 -0.2128
0.854991 0.2128
0.854991 -0.2128
0.854991 -0.2128
0.854991 -0.2128
0.86204 0.208098
0.86204 -0.208098
0.86204 0.208098
0.86204 -0.208098
0.86204 -0.208098
0.86204 0.208098
0.86204 0.208098
0.86204 -0.208098
0.866757 0.204787
0.866757 0.204787
0.866757 -0.204787
0.866757 -0.204787
0.866757 -0.204787
0.866757 0.204787
0.866757 0.204787
0.866757 -0.204787
0.86879 0.203317
0.86879 -0.203317
0.86879 -0.203317
0.86879 -0.203317
0.86879 0.203317
0.86879 0.203317
0.86879 -0.203317
0.86879 0.203317
0.869121 -0.203075
0.869121 0.203075
0.869121 -0.203075
0.869121 -0.203075
0.869121 -0.203075
0.869121 0.203075
0.869121 0.203075
0.869121 0.203075
0.880378 0.194404
0.880378 -0.194404
0.880378 0.194404
0.880378 -0.194404
0.882844 0.192382
0.882844 -0.192382
0.882844 -0.192382
0.882844 0.192382
0.882844 -0.192382
0.882844 -0.192382
0.882844 0.192382
0.882844 0.192382
0.887558 -0.188386
0.887558 0.188386
0.887558 -0.188386
0.887558 0.188386
0.889708 0.186502
0.889708 0.186502
0.889708 0.186502
0.889708 -0.186502
0.889708 -0.186502
0.889708 -0.186502
0.889708 -0.186502
0.889708 0.186502
0.896742 0.180058
0.896742 -0.180058
0.896742 0.180058
0.896742 -0.180058
0.896742 0.180058
0.896742 0.180058
0.896742 -0.180058
0.896742 -0.180058
0.901449 0.175485
0.901449 -0.175485
0.901449 0.175485
0.901449 0.175485
0.901449 -0.175485
0.901449 -0.175485
0.901449 0.175485
0.901449 -0.175485
0.903808 0.173109
0.903808 0.173109
0.903808 -0.173109
0.903808 -0.173109
0.903808 -0.173109
0.903808 0.173109
0.903808 -0.173109
0.903808 0.173109
0.908406 0.168303
0.908406 0.168303
0.908406 0.168303
0.908406 -0.168303
0.908406 -0.168303
0.908406 -0.168303
0.908406 -0.168303
0.908406 0.168303
0.917793 0.157693
0.917793 0.157693
0.917793 -0.157693
0.917793 -0.157693
0.917836 0.157642
0.917836 -0.157642
0.917836 0.157642
0.917836 -0.157642
0.917836 0.157642
0.917836 -0.157642
0.917836 0.157642
0.917836 -0.157642
0.924868 0.148873
0.924868 -0.148873
0.924868 0.148873
0.924868 -0.148873
0.924868 -0.148873
0.924868 -0.148873
0.924868 0.148873
0.924868 0.148873
0.929602 0.142504
0.929602 0.142504
0.929602 -0.142504
0.929602 -0.142504
0.929602 0.142504
0.929602 0.142504
0.929602 -0.142504
0.929602 -0.142504
0.931974 0.139151
0.931974 0.139151
0.931974 -0.139151
0.931974 0.139151
0.931974 -0.139151
0.931974 -0.139151
0.931974 0.139151
0.931974 -0.139151
0.939068 -0.128384
0.939068 0.128384
0.939068 0.128384
0.939068 0.128384
0.939068 -0.128384
0.939068 -0.128384
0.939068 -0.128384
0.939068 0.128384
0.943827 -0.120424
0.943827 0.120424
0.943827 -0.120424
0.943827 0.120424
0.946199 0.11619
0.946199 -0.11619
0.946199 -0.11619
0.946199 0.11619
0.950969 -0.107036
0.950969 0.107036
0.950969 -0.107036
0.950969 -0.107036
0.950969 -0.107036
0.950969 0.107036
0.950969 0.107036
0.950969 0.107036
0.953359 0.10207
0.953359 0.10207
0.953359 -0.10207
0.953359 0.10207
0.953359 -0.10207
0.953359 0.10207
0.953359 -0.10207
0.953359 -0.10207
0.96054 0.0850833
0.96054 0.0850833
0.96054 -0.0850833
0.96054 -0.0850833
0.96054 0.0850833
0.96054 -0.0850833
0.96054 -0.0850833
0.96054 0.0850833
0.965342 -0.0711568
0.965342 -0.0711568
0.965342 0.0711568
0.965342 0.0711568
0.967748 -0.0629142
0.967748 0.0629142
0.967748 0.0629142
0.967748 0.0629142
0.967748 0.0629142
0.967748 -0.0629142
0.967748 -0.0629142
0.967748 -0.0629142
0.972568 -0.0413973
0.972568 0.0413973
0.972568 -0.0413973
0.972568 0.0413973
0.974982 -0.0239616
0.974982 0.0239616
0.974982 0.0239616
0.974982 -0.0239616
